//1. Коэффициент силы лобового сопротивления Схp
Cxp_NOMINAL_SHOW = 0;
Cxp_NOMINAL_TYPE = 0;
Cxp_NOMINAL_ELEMENT = 0;
{
0.0   0.0     0.6     0.8     0.9     1.0     1.1     1.3     1.7     2.0     3.0     4.0     6.0     8.3     10.5    11.7
0.0   0.208   0.208   0.260   0.289   0.301   0.410   0.352   0.343   0.301   0.183   0.136   0.091   0.071   0.066   0.063
2.0   0.208   0.208   0.260   0.289   0.301   0.410   0.352   0.343   0.307   0.186   0.137   0.095   0.075   0.070   0.067
4.0   0.208   0.208   0.260   0.289   0.301   0.410   0.352   0.343   0.312   0.188   0.138   0.099   0.080   0.075   0.072
6.0   0.208   0.208   0.258   0.287   0.299   0.408   0.350   0.343   0.301   0.192   0.144   0.101   0.082   0.077   0.074
8.0   0.208   0.208   0.256   0.283   0.295   0.404   0.348   0.343   0.301   0.197   0.154   0.104   0.084   0.079   0.076
10.0   0.208   0.208   0.253   0.279   0.291   0.399   0.347   0.343   0.305   0.203   0.160   0.106   0.087   0.082   0.079
12.0   0.194   0.194   0.242   0.270   0.284   0.392   0.346   0.342   0.304   0.213   0.174   0.119   0.100   0.095   0.092
14.0   0.180   0.180   0.231   0.260   0.275   0.385   0.345   0.340   0.304   0.223   0.187   0.131   0.111   0.106   0.103
16.0   0.165   0.165   0.221   0.252   0.268   0.378   0.344   0.339   0.303   0.232   0.200   0.142   0.125   0.119   0.115
18.0   0.151   0.151   0.209   0.243   0.259   0.371   0.343   0.337   0.302   0.242   0.213   0.155   0.136   0.131   0.128
20.0   0.136   0.136   0.198   0.234   0.251   0.364   0.341   0.336   0.301   0.252   0.226   0.168   0.149   0.144   0.141
30.0   0.059   0.059   0.110   0.140   0.159   0.283   0.297   0.343   0.342   0.320   0.308   0.256   0.237   0.232   0.229
}
//
//2. Коэффициент силы лобового сопротивления Схp при Alfa>30 и M>2
CxpI_NOMINAL_SHOW = 0;
CxpI_NOMINAL_TYPE = 0;
CxpI_NOMINAL_ELEMENT = 0;
{
0.0   0.0     10.0    20.0    30.0    40.0    50.0    60.0    70.0    80.0    90.0    100.0   110.0   120.0    130.0    140.0    150.0    160.0    170.0    180.0
2.0   0.301   0.305   0.301   0.342   0.452   0.556   0.602   0.601   0.530   0.431   0.310   0.100   -0.199   -0.551   -0.916   -1.249   -1.513   -1.676   -1.677
3.0   0.183   0.203   0.252   0.320   0.397   0.463   0.516   0.534   0.503   0.431   0.334   0.116   -0.195   -0.564   -0.947   -1.297   -1.574   -1.745   -1.746
4.0   0.136   0.160   0.226   0.308   0.357   0.425   0.480   0.506   0.491   0.440   0.342   0.121   -0.196   -0.571   -0.961   -1.318   -1.600   -1.774   -1.775
6.0   0.091   0.106   0.168   0.256   0.318   0.388   0.446   0.478   0.478   0.446   0.349   0.127   -0.192   -0.572   -0.965   -1.326   -1.612   -1.788   -1.789
8.3   0.071   0.087   0.149   0.237   0.300   0.372   0.430   0.466   0.472   0.449   0.352   0.130   -0.191   -0.572   -0.967   -1.330   -1.616   -1.794   -1.794
10.5   0.066   0.082   0.144   0.232   0.296   0.367   0.426   0.462   0.470   0.450   0.352   0.129   -0.192   -0.574   -0.970   -1.334   -1.621   -1.799   -1.799
11.7   0.063   0.079   0.141   0.229   0.293   0.365   0.424   0.461   0.470   0.450   0.353   0.130   -0.192   -0.574   -0.970   -1.334   -1.621   -1.799   -1.800
}


//5. коеффициент нормальной (к оси корпуса) силы АР (управляющей силы)
Cy_ar_Al00_NOMINAL_SHOW = 0;
Cy_ar_Al00_NOMINAL_TYPE = 0;
Cy_ar_Al00_NOMINAL_ELEMENT = 0;
{
0.0   0.0   0.6   0.8   0.9   1.0   1.1   1.3   1.7   2.0   3.0   4.0   6.0   8.3   10.5   11.7
-30.0   -0.473   -0.473   -0.504   -0.525   -0.538   -0.530   -0.4.90   -0.427   -0.330   -0.252   -0.210   -0.140   -0.124   -0.115   -0.071
-20.0   -0.368   -0.368   -0.368   -0.420   -0.381   -0.394   -0.378   -0.289   -0.225   -0.165   -0.135   -0.100   -0.081   -0.072   -0.043
-10.0   -0.179   -0.179   -0.205   -0.215   -0.221   -0.215   -0.205   -0.147   -0.120   -0.085   -0.065   -0.043   -0.036   -0.032   -0.017
0.0   0.000   0.000   0.000   0.000   0.000   0.000   0.000   0.000   0.000   0.000   0.000   0.000   0.000   0.000   0.000
10.0   0.179   0.179   0.205   0.215   0.221   0.215   0.205   0.147   0.120   0.085   0.065   0.043   0.036   0.032   0.017
20.0   0.368   0.368   0.368   0.420   0.381   0.394   0.378   0.289   0.225   0.165   0.135   0.100   0.081   0.072   0.043
30.0   0.473   0.473   0.504   0.525   0.538   0.530   0.490   0.427   0.330   0.252   0.210   0.140   0.124   0.115   0.071
}
//5. коеффициент нормальной (к оси корпуса) силы АР (управляющей силы)
Cy_ar_Al05_NOMINAL_SHOW = 0;
Cy_ar_Al05_NOMINAL_TYPE = 0;
Cy_ar_Al05_NOMINAL_ELEMENT = 0;
{
0.0   0.0   0.6   0.8   0.9   1.0   1.1   1.3   1.7   2.0   3.0   4.0   6.0   8.3   10.5   11.7
-30.0   -0.483   -0.483   -0.551   -0.572   -0.554   -0.531   -0.486   -0.410   -0.314   -0.225   -0.176   -0.130   -0.104   -0.086   -0.069
-20.0   -0.325   -0.325   -0.353   -0.364   -0.359   -0.345   -0.321   -0.724   -0.214   -0.150   -0.117   -0.081   -0.075   -0.063   -0.048
-10.6   -0.190   -0.190   -0.211   -0.215   -0.217   -0.216   -0.198   -0.146   -0.111   -0.081   -0.063   -0.052   -0.036   -0.034   -0.027
0.0   0.000   0.000   0.000   0.000   0.000   0.000   0.000   0.000   0.000   0.000   0.000   0.000   0.000   0.000   0.000
10.0   0.226   0.226   0.252   0.260   0.245   0.228   0.199   0.153   0.127   0.086   0.072   0.047   0.051   0.046   0.037
20.0   0.382   0.382   0.398   0.406   0.413   0.414   0.364   0.288   0.220   0.167   0.145   0.129   0.111   0.116   0.099
30.0   0.447   0.447   0.448   0.448   0.465   0.475   0.442   0.393   0.313   0.235   0.211   0.1   80   0.191   0.189   0.172
}
//5. коеффициент нормальной (к оси корпуса) силы АР (управляющей силы)
Cy_ar_Al10_NOMINAL_SHOW = 0;
Cy_ar_Al10_NOMINAL_TYPE = 0;
Cy_ar_Al10_NOMINAL_ELEMENT = 0;
{
0.0   0.0   0.6   0.8   0.9   1.0   1.1   1.3   1.7   2.0   3.0   4.0   6.0   8.3   10.5   11.7
-30.0   -0.513   -0.513   -0.568   -0.584   -0.582   -0.568   -0.520   -0.392   -0.310   -0.212   -0.174   -0.141   -0.101   -0.100   -0.089
-20.0   -0.346   -0.346   -0.373   -0.383   -0.376   -0.358   -0.326   -0.264   -0.208   -0.146   -0.117   -0.097   -0.077   -0.077   -0.067
-10.0   -0.237   -0.237   -0.259   -0.264   -0.260   -0.249   -0.221   -0.144   -0.112   -0.076   -0.068   -0.065   -0.045   -0.048   -0.042
0.0   0.000   0.000   0.000   0.000   0.000   0.000   0.000   0.000   0.000   0.000   0.000   0.000   0.000   0.000   0.000
10.0   0.251   0.251   0.260   0.263   0.225   0.193   0.161   0.143   0.136   0.095   0.077   0.069   0.063   0.060   0.060
20.0   0.408   0.408   0.369   0.371   0.345   0.320   0.277   0.271   0.216   0.173   0.161   0.163   0.137   0.150   0.148
30.0   0.435   0.435   0.383   0.381   0.362   0.341   0.315   0.336   0.310   0.243   0.235   0.233   0.231   0.250   0.247
}
//5. коеффициент нормальной (к оси корпуса) силы АР (управляющей силы)
Cy_ar_Al15_NOMINAL_SHOW = 0;
Cy_ar_Al15_NOMINAL_TYPE = 0;
Cy_ar_Al15_NOMINAL_ELEMENT = 0;
{
0.0   0.0   0.6   0.8   0.9   1.0   1.1   1.3   1.7   2.0   3.0   4.0   6.0   8.3   10.5   11.7
-30.0   -0.531   -0.531   -0.569   -0.589   -0.588   -0.575   -0.517   -0.377   -0.332   -0.227   -0.200   -0.161   -0.125   -0.124   -0.115
-20.0   -0.380   -0.380   -0.404   -0.414   -0.397   -0.377   -0.333   -0.249   -0.216   -0.161   -0.143   -0.118   -0.100   -0.099   -0.091
-10.0   -0.259   -0.259   -0.276   -0.279   -0.267   -0.239   -0.193   -0.137   -0.120   -0.084   -0.084   -0.077   -0.074   -0.060   -0.062   -0.060
0.0   0.000   0.000   0.000   0.000   0.000   0.000   0.000   0.000   0.000   0.000   0.000   0.000   0.000   0.000   0.000
10.0   0.242   0.242   0.239   0.233   0.184   0.136   0.119   0.147   0.145   0.102   0.093   0.085   0.073   0.075   0.080
20.0   0.426   0.426   0.371   0.343   0.306   0.263   0.226   0.268   0.235   0.183   0.182   0.186   0.163   0.180   0.188
30.0   0.468   0.468   0.408   0.370   0.336   0.280   0.266   0.324   0.303   0.276   0.271   0.263   0.270   0.302   0.302
}
//5. коеффициент нормальной (к оси корпуса) силы АР (управляющей силы)
Cy_ar_Al20_NOMINAL_SHOW = 0;
Cy_ar_Al20_NOMINAL_TYPE = 0;
Cy_ar_Al20_NOMINAL_ELEMENT = 0;
{
0.0   0.0   0.6   0.8   0.9   1.0   1.1   1.3   1.7   2.0   3.0   4.0   .6.0   8.3   10.5   11.7
-30.0   -0.547   -0.547   -0.569   -0.572   -0.569   -0.553   -0.495   -0.378   -0.335   -0.246   -0.215   -0.170   -0.151   -0.156   -0.148
-20.0   -0.398   -0.398   -0.402   -0.402   -0.398   -0.387   -0.330   -0.251   -0.229   -0.175   -0.158   -0.141   -0.119   -0.118   -0.116
-10.0   -0.274   -0.274   -0.268   -0.261   -0.252   -0.238   -0.183   -0.140   -0.129   -0.098   -0.085   -0.081   -0.069   -0.074   -0.075
0.0   0.000   0.000   0.000   0.000   0.000   0.000   0.000   0.000   0.000   0.000   0.000   0.000   0.000   0.000   0.000
10.0   0.214   0.214   0.206   0.198   0.161   0.092   0.111   0.146   0.143   0.100   0.096   0.098   0.091   0.094   0.087
20.0   0.440   0.440   0.389   0.359   0.310   0.259   0.216   0.252   0.232   0.182   0.184   0.197   0.194   0.217   0.218
30.0   0.506   0.506   0.454   0.418   0.367   0.276   0.266   0.327   0.292   0.298   0.272   0.278   0.320   0.348   0.353
}
//5. коеффициент нормальной (к оси корпуса) силы АР (управляющей силы)
Cy_ar_Al25_NOMINAL_SHOW = 0;
Cy_ar_Al25_NOMINAL_TYPE = 0;
Cy_ar_Al25_NOMINAL_ELEMENT = 0;
{
0.0   0.0   0.6   0.8   0.9   1.0   1.1   1.3   1.7   2.0   3.0   4.0   .6.0   8.3   10.5   11.7
-30.0   -0.558   -0.558   -0.551   -0.551   -0.551   -0.542   -0.453   -0.367   -0.342   -0.273   -0.223   -0.183   -0.193   -0.188   -0.193
-20.0   -0.406   -0.406   -0.402   -0.402   -0.402   -0.381   -0.331   -0.268   -0.247   -0.200   -0.167   -0.164   -0.152   -0.149   -0.141
-10.0   -0.282   -0.282   -0.279   -0.275   -0.263   -0.244   -0.182   -0.145   -0.142   -0.112   -0.093   -0.091   -0.086   -0.089   -0.095
0.0   0.000   0.000   0.000   0.000   0.000   0.000   0.000   0.000   0.000   0.000   0.000   0.000   0.000   0.000   0.000
10.0   0.177   0.177   0.163   0.158   0.143   0.080   0.102   0.136   0.142   0.098   0.095   0.112   0.110   0.117   0.096
20.0   0.448   0.448   0.422   0.397   0.358   0.256   0.205   0.228   0.211   0.175   0.180   0.212   0.234   0.269   0.259
30.0   0.520   0.520   0.504   0.477   0.415   0.277   0.261   0.327   0.283   0.325   0.267   0.308   0.369   0.423   0.428
}
//5. коеффициент нормальной (к оси корпуса) силы АР (управляющей силы)
Cy_ar_Al30_NOMINAL_SHOW = 0;
Cy_ar_Al30_NOMINAL_TYPE = 0;
Cy_ar_Al30_NOMINAL_ELEMENT = 0;
{
0.0   0.0   0.6   0.8   0.9   1.0   1.1   1.3   1.7   2.0   3.0   4.0   .6.0   8.3   10.5   11.7
-30.0   -0.566   -0.566   -0.532   -0.528   -0.532   -0.526   -0.407   -0.346   -0.337   -0.306   -0.248   -0.209   -0.241   -0.227   -0.244
-20.0   -0.413   -0.413   -0.400   -0.400   -0.403   -0.372   -0.327   -0.276   -0.253   -0.228   -0.189   -0.197   -0.190   -0.183   -0.171
-10.0   -0.289   -0.289   -0.289   -0.287   -0.273   -0.248   -0.178   -0.144   -0.147   -0.127   -0.108   -0.107   -0.106   -0.107   -0.118
0.0   0.000   0.000   0.000   0.000   0.000   0.000   0.000   0.000   0.000   0.000   0.000   0.000   0.000   0.000   0.000
10.0   0.140   0.140   0.121   0.119   0.126   0.067   0.091   0.124   0.136   0.100   0.102   0.133   0.132   0.144   0.109
20.0   0.454   0.454   0.451   0.432   0.404   0.252   0.192   0.200   0.185   0.174   0.193   0.242   0.281   0.328   0.308
30.0   0.532   0.532   0.550   0.532   0.460   0.277   0.253   0.318   0.266   0.357   0.285   0.359   0.431   0.512   0.515
}
//6. вспомогательный коэффициент для расчета вспомогающей силы
f_ar_NOMINAL_SHOW = 0;
f_ar_NOMINAL_TYPE = 0;
f_ar_NOMINAL_ELEMENT = 0;
{
0.0   0.0   0.6   0.8   0.9   1.0   1.1   1.3   1.7   2.0   2.5   3.0   4.0   6.0   8.0   10.0
-30.0   0.800   0.800   0.800   0.800   0.800   0.776   0.728   0.632   0.560   0.445   0.330   0.100   0.013   0.000   0.000
-25.0   0.850   0.850   0.850   0.850   0.850   0.829   0.787   0.703   0.640   0.527   0.415   0.190   0.053   0.013   0.000
-20.0   0.900   0.900   0.900   0.900   0.900   0.886   0.858   0.802   0.760   0.650   0.540   0.320   0.107   0.040   0.000
-15.0   0.960   0.960   0.960   0.960   0.960   0.953   0.937   0.904   0.880   0.788   0.695   0.510   0.243   0.113   0.000
-10.0   0.990   0.990   0.990   0.990   0.990   0.987   0.980   0.969   0.960   0.915   0.870   0.780   0.500   0.267   0.080
-5.0   1.000   1.000   1.000   1.000   1.000   0.998   0.993   0.986   0.980   0.965   0.950   0.920   0.753   0.547   0.400
0.0   1.000   1.000   1.000   1.000   1.000   1.000   1.000   1.000   1.000   1.000   1.000   1.000   1.000   1.000   1.000
5.0   1.020   1.020   1.020   1.020   1.020   1.020   1.020   1.034   1.040   1.085   1.130   1.220   1.480   1.706   1.920
10.0   1.050   1.050   1.050   1.050   1.050   1.060   1.080   1.113   1.140   1.248   1.355   1.570   2.147   2.543   2.830
15.0   1.080   1.080   1.080   1.080   1.080   1.100   1.140   1.206   1.260   1.445   1.630   2.000   2.807   3.310   3.650
20.0   1.100   1.100   1.100   1.100   1.100   1.133   1.199   1.331   1.430   1.693   1.955   2.480   3.393   3.847   4.140
25.0   1.120   1.120   1.120   1.120   1.120   1.170   1.270   1.470   1.620   1.940   2.260   2.900   3.737   4.086   4.320
30.0   1.150   1.150   1.150   1.150   1.150   1.220   1.360   1.640   1.850   2.138   2.425   3.000   3.760   4.100   4.300
}
//7. коэффициент донного сопротивления
Cx_don_NOMINAL_SHOW = 0;
Cx_don_NOMINAL_TYPE = 0;
Cx_don_NOMINAL_ELEMENT = 0;
{
0.0   0.0   0.6   0.8   0.9   1.0   1.1   1.3   1.7   2.0   2.5   3.0   4.0   6.0   8.0   10.5   11.7
0.000   0.180   0.180   0.200   0.220   0.230   0.235   0.235   0.240   0.220   0.160   0.127   0.078   0.035   0.018   0.012   0.009
0.001   0.126   0.126   0.140   0.154   0.161   0.165   0.165   0.168   0.154   0.112   0.089   0.055   0.025   0.013   0.009   0.007
0.5   0.126   0.126   0.131   0.165   0.256   0.303   0.212   0.136   0.111   0.079   0.062   0.038   0.020   0.009   0.006   0.005
1.0   0.097   0.097   0.100   0.126   0.206   0.239   0.200   0.133   0.105   0.078   0.060   0.037   0.018   0.008   0.005   0.004
1.5   0.030   0.030   0.010   0.014   0.161   0.183   0.172   0.120   0.095   0.072   0.057   0.035   0.017   0.008   0.005   0.004
2.0   0.025   0.025   0.004   0.005   0.116   0.128   0.143   0.110   0.087   0.066   0.053   0.034   0.016   0.008   0.005   0.004
2.5   0.000   0.000   0.000   0.000   0.000   0.000   0.000   0.000   0.077   0.062   0.050   0.032   0.016   0.008   0.005   0.004
3.0   0.000   0.000   0.000   0.000   0.000   0.000   0.000   0.000   0.000   0.061   0.049   0.032   0.015   0.007   0.005   0.004
5.0   0.000   0.000   0.000   0.000   0.000   0.000   0.000   0.000   0.000   0.039   0.043   0.029   0.014   0.006   0.004   0.003
10   0.000   0.000   0.000   0.000   0.000   0.000   0.000   0.000   0.000   0.000   0.033   0.023   0.010   0.005   0.003   0.003
30   0.000   0.000   0.000   0.000   0.000   0.000   0.000   0.000   0.000   0.000   0.015   0.012   0.005   0.003   0.002   0.002
50   0.000   0.000   0.000   0.000   0.000   0.000   0.000   0.000   0.000   0.000   0.000   0.006   0.003   0.002   0.001   0.001
100   0.000   0.000   0.000   0.000   0.000   0.000   0.000   0.000   0.000   0.000   0.000   0.000   0.000   0.000   0.000   0.000
300   0.000   0.000   0.000   0.000   0.000   0.000   0.000   0.000   0.000   0.000   0.000   0.000   0.000   0.000   0.000   0.000
500   0.000   0.000   0.000   0.000   0.000   0.000   0.000   0.000   0.000   0.000   0.000   0.000   0.000   0.000   0.000   0.000
}
 
}
//9. производная демпфирующего момента при Alfa=0
Mz_wz_Al00_NOMINAL_SHOW = 0;
Mz_wz_Al00_NOMINAL_TYPE = 0;
Mz_wz_Al00_NOMINAL_ELEMENT = 0;
{
0.0      0.532       0.644
0.0     -0.3750     -0.3850
0.6     -0.3750     -0.3850
0.8     -0.3830     -0.3890
0.9     -0.3910     -0.3960
1.0     -0.4030     -0.4040
1.1     -0.3990     -0.4030
1.3     -0.3750     -0.3860
1.7     -0.2970     -0.3300
2.0     -0.2660     -0.3030
2.5     -0.2250     -0.2650
3.0     -0.2010     -0.2460
4.0     -0.1670     -0.2200
6.0     -0.1290     -0.1950
8.0     -0.1290     -0.1950
}

//11. производная демпфирующего момента крена по безразмерной угловой скорости крена
Mx_wx_NOMINAL_SHOW = 0;
Mx_wx_NOMINAL_TYPE = 0;
Mx_wx_NOMINAL_ELEMENT = 0;
{
0.0      0.0000      2.0000
0.0     -0.1076     -0.1076
0.6     -0.1076     -0.1076
0.8     -0.1157     -0.1157
0.9     -0.1268     -0.1268
1.0     -0.1479     -0.1479
1.1     -0.1266     -0.1266
1.3     -0.1083     -0.1083
1.7     -0.0855     -0.0855
2.0     -0.0676     -0.0676
2.5     -0.0655     -0.0655
3.0     -0.0678     -0.0678
4.0     -0.0683     -0.0683
6.0     -0.0679     -0.0679
8.0     -0.0679     -0.0679
}

}
//13. Коэффициент нормальной силы Сyp
Cyp_NOMINAL_SHOW = 0;
Cyp_NOMINAL_TYPE = 0;
Cyp_NOMINAL_ELEMENT = 0;
{
0.0   0   0.6   0.8   0.9   1.0   1.1   1.3   1.7   2.0   3.0   4.0   6.0   8.3   10.5   11.7
0.0   0.000   0.000   0.000   0.000   0.000   0.000   0.000   0.000   0.000   0.000   0.000   0.000   0.000   0.000   0.000
2.0   0.134   0.134   0.138   0.144   0.152   0.150   0.144   0.128   0.119   0.127   0.119   0.105   0.106   0.110   0.079
4.0   0.263   0.263   0.257   0.270   0.295   0.300   0.278   0.249   0.248   0.257   0.242   0.211   0.221   0.221   0.165
6.0   0.381   0.381   0.393   0.411   0.439   0.438   0.411   0.384   0.376   0.399   0.384   0.337   0.345   0.329   0.268
8.0   0.511   0.511   0.525   0.551   0.593   0.596   0.548   0.529   0.523   0.566   0.545   0.476   0.462   0.432   0.388
10.0   0.629   0.629   0.659   0.683   0.731   0.733   0.697   0.685   0.690   0.751   0.728   0.632   0.595   0.553   0.524
12.0   0.754   0.754   0.792   0.826   0.876   0.880   0.843   0.828   0.893   0.981   0.930   0.805   0.755   0.705   0.676
14.0   0.877   0.877   0.912   0.968   1.036   1.041   1.010   1.039   1.145   1.222   1.147   0.991   0.931   0.878   0.847
16.0   0.994   0.994   1.064   1.112   1.185   1.207   1.231   1.316   1.454   1.470   1.372   1.189   1.130   1.072   1.036
18.0   1.127   1.127   1.200   1.233   1.330   1.391   1.510   1.703   1.760   1.731   1.605   1.403   1.354   1.289   1.243
20.0   1.248   1.248   1.359   1.411   1.555   1.631   1.791   2.086   2.066   1.998   1.845   1.636   1.588   1.527   1.472
30.0   2.067   2.067   2.228   2.504   2.849   3.306   3.912   3.944   3.748   3.435   3.245   2.983   2.950   2.862   2.810
}
//14. Коэффициент нормальной силы Сyp при Alfa>30 и M>2
CypI_NOMINAL_SHOW = 0;
CypI_NOMINAL_TYPE = 0;
CypI_NOMINAL_ELEMENT = 0;
{
0.0   0.0   10.0   20.0   30.0   40.0   50.0   60.0   70.0   80.0   90.0   100.0   110.0   120.0   130.0   140.0   150.0   160.0   170.0   180.0
2.0   0.000   0.690   2.066   3.748   5.451   7.041   8.312   9.150   9.472   9.211   8.824   7.983   6.785   5.360   3.864   2.457   1.285   0.460   0.000
3.0   0.000   0.751   1.998   3.435   5.084   6.576   7.800   8.619   8.943   8.707   8.312   7.470   6.277   4.873   3.417   2.077   1.002   0.305   0.000
4.0   0.000   0.728   1.845   3.245   4.791   6.222   7.526   8.454   8.876   8.702   8.302   7.450   6.247   4.832   3.369   2.028   0.959   0.279   0.000
6.0   0.000   0.632   1.636   2.983   4.576   6.099   7.420   8.375   8.833   8.708   8.304   7.445   6.233   4.809   3.341   1.997   0.932   0.262   0.000
8.3   0.000   0.595   1.588   2.950   4.475   6.002   7.338   8.318   8.809   8.724   8.318   7.456   6.240   4.811   3.338   1.992   0.926   0.258   0.000
10.5   0.000   0.553   1.527   2.862   4.430   5.958   7.298   8.288   8.796   8.735   8.329   7.465   6.246   4.816   3.340   1.992   0.925   0.257   0.000
11.7   0.000   0.524   1.472   2.810   4.424   5.951   7.288   8.274   8.783   8.729   8.322   7.459   6.240   4.810   3.335   1.987   0.921   0.255   0.000
}

//16. коэффициент центра давления нормальной силы Сdp
Cdp_NOMINAL_SHOW = 0;
Cdp_NOMINAL_TYPE = 0;
Cdp_NOMINAL_ELEMENT = 0;
{
0.0   0.0   0.6   0.8   0.9   1.0   1.1   1.3   1.7   2.0   3.0   4.0   6.0   8.3   10.5   11.7
0.0   0.622   0.622   0.629   0.634   0.651   0.660   0.659   0.585   0.564   0.534   0.525   0.512   0.502   0.490   0.482
2.0   0.620   0.620   0.628   0.636   0.652   0.661   0.662   0.586   0.563   0.538   0.528   0.515   0.504   0.493   0.484
4.0   0.620   0.620   0.631   0.641   0.655   0.663   0.663   0.589   0.566   0.548   0.538   0.521   0.508   0.497   0.491
6.0   0.630   0.630   0.640   0.647   0.662   0.669   0.662   0.593   0.571   0.556   0.549   0.533   0.514   0.503   0.498
8.0   0.635   0.635   0.648   0.653   0.665   0.670   0.661   0.595   0.576   0.562   0.556   0.541   0.523   0.510   0.505
10.0   0.641   0.641   0.651   0.658   0.666   0.665   0.657   0.597   0.577   0.565   0.558   0.545   0.532   0.520   0.514
12.0   0.641   0.641   0.650   0.653   0.661   0.659   0.646   0.597   0.579   0.566   0.561   0.550   0.537   0.527   0.523
14.0   0.638   0.638   0.644   0.647   0.653   0.650   0.635   0.599   0.580   0.567   0.563   0.553   0.543   0.536   0.533
16.0   0.633   0.633   0.639   0.640   0.644   0.641   0.626   0.600   0.582   0.568   0.564   0.556   0.549   0.544   0.542
18.0   0.630   0.630   0.633   0.634   0.636   0.632   0.619   0.605   0.584   0.570   0.566   0.561   0.555   0.551   0.550
20.0   0.628   0.628   0.625   0.619   0.619   0.615   0.613   0.605   0.587   0.572   0.570   0.566   0.562   0.560   0.560
30.0   0.603   0.603   0.603   0.603   0.602   0.602   0.602   0.601   0.599   0.585   0.586   0.587   0.587   0.588   0.591
}
//14. коэффициент центра давления нормальной силы Сdp при Alfa>30 и M>2
CdpI_NOMINAL_SHOW = 0;
CdpI_NOMINAL_TYPE = 0;
CdpI_NOMINAL_ELEMENT = 0;
{
0.0   0.0   10.0   20.0   30.0   40.0   50.0   60.0   70.0   80.0   90.0   100.0   110.0   120.0   130.0   140.0   150.0   160.0   170.0   180.0
2.0   0.564   0.577   0.587   0.599   0.585   0.589   0.592   0.596   0.603   0.613   0.618   0.621   0.632   0.647   0.668   0.700   0.749   0.823   0.823
3.0   0.534   0.565   0.572   0.585   0.588   0.592   0.594   0.598   0.604   0.613   0.617   0.624   0.633   0.645   0.663   0.690   0.735   0.818   0.818
4.0   0.525   0.558   0.570   0.586   0.587   0.591   0.594   0.599   0.605   0.613   0.615   0.617   0.625   0.637   0.653   0.678   0.722   0.804   0.804
6.0   0.512   0.545   0.566   0.587   0.588   0.592   0.596   0.600   0.606   0.613   0.615   0.622   0.630   0.641   0.656   0.680   0.722   0.804   0.804
8.3   0.502   0.532   0.562   0.587   0.587   0.592   0.596   0.601   0.606   0.614   0.614   0.621   0.629   0.639   0.655   0.678   0.720   0.801   0.801
10.5   0.490   0.520   0.560   0.588   0.588   0.593   0.597   0.601   0.607   0.614   0.614   0.620   0.628   0.639   0.654   0.678   0.719   0.800   0.800
11.7   0.482   0.514   0.560   0.591   0.590   0.594   0.597   0.601   0.607   0.614   0.613   0.620   0.628   0.638   0.653   0.677   0.718   0.798   0.798
}


//17. производная демпфирующего момента
Mz_wz_NOMINAL_SHOW = 0;
Mz_wz_NOMINAL_TYPE = 0;
Mz_wz_NOMINAL_ELEMENT = 0;
{
0.0   0.0   10.0   20.0   30.0   40.0   60.0   70.0   80.0   90.0   100.0   110.0   120.0   130.0   140.0   150.0   160.0   170.0   180.0
2.0   -0.243   -0.311   -0.411   -0.572   -0.717   -0.937   -1.006   -1.044   -1.050   -1.025   -0.969   -0.883   -0.770   -0.634   -0.479   -0.310   -0.138   0.000
3.0   -0.187   -0.298   -0.435   -0.606   -0.759   -0.992   -1.065   -1.106   -1.113   -1.086   -1.026   -0.935   -0.816   -0.672   -0.507   -0.328   -0.146   0.000
4.0   -0.155   -0.299   -0.444   -0.619   -0.775   -1.013   -1.087   -1.129   -1.136   -1.108   -1.047   -0.954   -0.833   -0.685   -0.518   -0.335   -0.149   0.000
6.0   -0.123   -0.281   -0.450   -0.628   -0.786   -1.028   -1.103   -1.145   -1.152   -1.124   -1.063   -0.968   -0.845   -0.696   -0.525   -0.340   -0.151   0.000
8.0   -0.111   -0.272   -0.453   -0.631   -0.791   -1.033   -1.109   -1.151   -1.159   -1.131   -1.069   -0.974   -0.849   -0.699   -0.528   -0.342   -0.152   0.000
10.5   -0.084   -0.269   -0.454   -0.633   -0.792   -1.036   -1.112   -1.154   -1.161   -1.133   -1.071   -0.976   -0.851   -0.701   -0.529   -0.342   -0.153   0.000
11.7   -0.079   -0.266   -0.454   -0.633   -0.793   -1.036   -1.113   -1.155   -1.162   -1.134   -1.072   -0.977   -0.852   -0.702   -0.530   -0.343   -0.153   0.000
}