             5478.33              54.9974              5473.33              54.8945 
             5478.15              59.9942              5473.15              59.8823 
             5477.96              64.9905              5472.95              64.8694 
             5477.74              69.9855              5472.74              69.8559 
              5477.5              74.9799               5472.5              74.8415 
             5477.24              79.9733              5472.25              79.8264 
             5476.97              84.9657              5471.97              84.8104 
             5476.68              89.9574              5471.68              89.7934 
             5476.36               94.947              5471.36              94.7752 
             5476.02              99.9359              5471.03              99.7561 
             5478.33              54.9974              5473.33              54.8945 
             5478.15              59.9942              5473.15              59.8823 
             5477.96              64.9905              5472.95              64.8694 
             5477.74              69.9855              5472.74              69.8559 
              5477.5              74.9799               5472.5              74.8415 
             5477.24              79.9733              5472.25              79.8264 
             5476.97              84.9657              5471.97              84.8104 
             5476.68              89.9574              5471.68              89.7934 
             5476.36               94.947              5471.36              94.7752 
             5476.02              99.9359              5471.03              99.7561 
             5475.67              104.924              5470.67              104.736 
              5475.3               109.91               5470.3              109.714 
              5474.9              114.894              5469.91              114.691 
             5474.49              119.877              5469.49              119.666 
             5474.14              124.865              5469.06               124.64 
              5473.6              129.835               5468.6              129.611 
             5473.12              134.813              5468.13              134.581 
             5472.63              139.788              5467.63              139.549 
             5472.11              144.761              5467.11              144.516 
             5471.58              149.733              5466.58               149.48 
             5471.01              154.701              5466.02              154.443 
             5470.43              159.667              5465.44              159.403 
             5469.83              164.631              5464.84              164.361 
             5469.21              169.592              5464.21              169.316 
             5468.56              174.551              5463.57              174.269 
              5467.9              179.506               5462.9              179.219 
             5467.21              184.458              5462.22              184.167 
              5466.5              189.408              5461.51              189.111 
             5465.77              194.354              5460.77              194.053 
             5465.02              199.297              5460.02              198.991 
             5464.23              204.235              5459.24              203.926 
             5463.43               209.17              5458.44              208.858 
             5462.61              214.102              5457.62              213.786 
             5461.76               219.03              5456.77              218.711 
             5460.89              223.954               5455.9              223.632 
             5460.01              228.875              5455.01              228.549 
             5459.08              233.789              5454.09              233.462 
             5458.14              238.699              5453.15               238.37 
             5457.18              243.605              5452.19              243.275 
             5456.19              248.507               5451.2              248.175 
             5455.18              253.405              5450.19               253.07 
             5454.14              258.295              5449.15              257.961 
             5453.08               263.18              5448.09              262.846 
             5451.99               268.06                 5447              267.726 
             5450.88              272.935              5445.89              272.601 
             5449.74              277.804              5444.75               277.47 
             5448.57              282.666              5443.58              282.333 
             5447.38              287.522              5442.39              287.191 
             5446.17              292.373              5441.17              292.042 
             5444.93              297.216              5439.93              296.887 
             5443.65              302.049              5438.66              301.724 
             5442.35              306.878              5437.36              306.555 
             5441.03              311.699              5436.04              311.379 
             5439.67              316.512              5434.68              316.196 
             5438.29              321.318               5433.3              321.005 
             5436.88              326.115              5431.89              325.806 
             5435.45              330.904              5430.45                330.6 
             5433.98              335.684              5428.99              335.384 
             5432.48              340.455              5427.49               340.16 
             5430.96              345.218              5425.96              344.928 
              5429.4               349.97              5424.41              349.685 
             5427.82              354.714              5422.82              354.433 
              5426.2              359.444              5421.21              359.172 
             5424.56              364.165              5419.56              363.899 
             5422.88              368.875              5417.88              368.616 
             5421.17              373.574              5416.18              373.322 
             5419.43              378.262              5414.44              378.017 
             5417.66              382.938              5412.66                382.7 
             5415.85              387.601              5410.86              387.371 
             5414.02              392.252              5409.02              392.029 
             5412.15              396.889              5407.15              396.674 
             5410.25              401.513              5405.25              401.306 
             5408.31              406.124              5403.32              405.924 
             5406.35              410.723              5401.35              410.528 
             5404.34              415.301              5399.34              415.117 
              5402.3              419.868              5397.31              419.692 
             5400.23              424.421              5395.23              424.253 
             5398.14               428.96              5393.13              428.795 
             5395.99              433.475              5390.99              433.322 
             5393.81              437.978              5388.82              437.831 
             5391.61              442.464              5386.61              442.324 
             5389.36              446.933              5384.36              446.799 
             5387.09              451.383              5382.09              451.255 
             5384.77              455.816              5379.77              455.693 
             5382.42              460.231              5377.43              460.112 
             5380.04              464.629              5375.04              464.514 
             5377.62              469.006              5372.62              468.894 
             5375.17              473.363              5370.17              473.253 
             5372.69              477.701              5367.69              477.592 
             5370.16              482.019              5365.17               481.91 
             5367.55              486.278              5362.54              486.163 
             5364.86              490.495              5359.85              490.378 
             5362.13              494.687              5357.13               494.57 
             5359.38              498.859              5354.38              498.736 
             5356.59              503.011               5351.6              502.881 
             5346.59              503.186              5341.92               502.98 
             5336.69              501.811              5332.36              501.865 
             5326.78              500.438              5322.77              500.605 
              5316.9              498.906              5313.19              499.166 
             5307.08              497.038              5303.66              497.383 
             5297.28              495.012              5294.14              495.439 
             5287.49              492.963              5284.61              493.468 
             5277.71              490.901              5275.08              491.459 
             5267.93              488.808              5265.53              489.446 
             5258.16                486.7              5255.97              487.399 
             5248.38              484.573              5246.41              485.331 
             5238.62              482.429              5236.84              483.244 
             5228.85              480.267              5227.28              481.139 
             5219.09              478.087              5217.72              479.017 
             5209.34               475.89              5208.19              476.886 
             5199.59              473.678               5198.7              474.748 
             5189.84              471.463              5189.24              472.602 
              5180.1              469.208              5179.83              470.458 
             5170.36               466.95              5170.46              468.306 
             5160.62              464.679              5161.14              466.153 
             5150.88              462.391              5151.86              463.998 
             5141.15              460.093              5142.64              461.841 
             5131.42               457.78              5133.48              459.692 
              5121.7              455.455              5124.71              457.664 
             5111.97              453.118              5116.13              455.679 
             5115.82              443.889              5120.14              446.408 
             5120.31              434.951              5124.67              437.391 
             5120.31              444.951              5124.07              447.306 
             5116.55               454.22              5120.15              456.608 
             5115.63              444.262              5119.95              446.784 
             5120.12              435.326              5124.48              437.768 
             5120.12              445.326              5123.88              447.682 
             5114.82              453.803              5118.62              456.255 
             5115.84              443.855              5120.16              446.374 
             5124.64              425.936              5129.05              428.293 
             5128.83              416.855              5133.28              419.127 
             5132.87              407.712              5137.37              409.897 
             5136.79              398.509              5141.33              400.609 
             5140.57              389.252              5145.15              391.265 
             5144.23              379.945              5148.84              381.872 
             5147.76               370.59              5152.41              372.432 
             5151.02              361.135              5155.86              362.951 
             5154.47              351.749              5159.18              353.426 
             5157.65              342.268              5162.38              343.865 
             5160.71              332.749              5165.48              334.268 
             5163.67              323.196              5168.45              324.639 
             5166.51              313.609              5171.32              314.979 
             5169.25              303.991              5174.08               305.29 
             5171.88              294.343              5176.73              295.574 
             5174.41              284.667              5179.27              285.833 
             5176.83              274.965              5181.71              276.067 
             5179.15              265.238              5184.04              266.279 
             5181.37              255.488              5186.27               256.47 
             5183.49              245.715               5188.4              246.642 
             5185.51              235.922              5190.44              236.794 
             5187.44              226.109              5192.37              226.928 
             5189.26              216.278               5194.2              217.045 
             5190.83              206.401              5195.95              207.148 
             5192.64              196.565              5197.59              197.236 
             5194.18              186.686              5199.14              187.311 
             5195.63              176.792               5200.6              177.372 
                5197              166.885              5201.97              167.423 
             5198.27              156.967              5203.25              157.463 
             5199.46              147.038              5204.43              147.494 
             5200.55              137.098              5205.54              137.515 
             5201.56              127.149              5206.55              127.529 
             5202.49              117.192              5207.47              117.535 
             5203.32              107.227              5208.32              107.535 
             5204.08              97.2555              5209.07              97.5293 
             5204.75              87.2781              5209.75              87.5185 
             5205.34              77.2955              5210.34              77.5036 
             5205.85              67.3083              5210.86              67.4857 
             5206.27              57.3175              5211.27              57.4634 
             5206.61               47.323              5211.62              47.4395 
             5206.89               37.327              5211.89              37.4137 
             5207.08              27.3288              5212.08              27.3869 
             5207.19              17.3294              5212.19              17.3596 
             5207.22              7.32942              5212.22              7.33206 
             5207.05             -2.66906              5212.22             -2.69585 
             5207.06             -12.6691              5212.06             -12.7229 
             5206.86             -22.6671              5211.86               -22.75 
             5206.58             -32.6632              5211.58              -32.776 
             5206.21             -42.6565              5211.23             -42.8004 
             5205.79             -52.6473              5210.78              -52.822 
             5205.27             -62.6338              5210.26             -62.8406 
             5204.67             -72.6157              5209.66             -72.8556 
             5203.98             -82.5919              5208.97             -82.8658 
             5203.21             -92.5623               5208.2             -92.8714 
             5202.36             -102.526              5207.35             -102.871 
             5201.42             -112.482              5206.41             -112.864 
              5200.4             -122.429              5205.38              -122.85 
             5199.28             -132.367              5204.26             -132.827 
             5198.08             -142.295              5203.06             -142.796 
             5196.79             -152.211              5201.76             -152.755 
             5195.41             -162.116              5200.38             -162.703 
             5193.94             -172.007               5198.9             -172.639 
             5192.36             -181.881              5197.33             -182.563 
             5190.72             -191.745              5195.67             -192.473 
             5188.81             -201.562              5193.92             -202.371 
             5187.12             -211.417              5192.05             -212.247 
             5185.17             -221.226              5190.09              -222.11 
             5183.13             -231.015              5188.04             -231.955 
             5180.99             -240.782              5185.88             -241.781 
             5178.74             -250.527              5183.63             -251.586 
              5176.4             -260.248              5181.27             -261.369 
             5173.95             -269.944              5178.81              -271.13 
              5171.4             -279.613              5176.24             -280.865 
             5168.74             -289.253              5173.56             -290.575 
             5165.96             -298.861              5170.78             -300.259 
             5163.09              -308.44              5167.87             -309.907 
             5160.11             -317.985              5164.86             -319.527 
                5157              -327.49              5161.75             -329.115 
             5153.79             -336.961              5158.49             -338.661 
             5150.46              -346.39              5155.13              -348.17 
             5146.88             -355.726              5151.68             -357.648 
             5143.29             -365.061              5148.06             -367.067 
             5139.71             -374.397              5144.42             -376.483 
              5135.9             -383.642              5140.43             -385.755 
             5131.93             -392.823              5136.42             -395.018 
             5127.83             -401.943              5132.28              -404.22 
             5123.58             -410.997              5127.99             -413.354 
             5119.18             -419.977              5123.56             -422.418 
             5114.64             -428.887              5118.97             -431.394 
              5109.8             -437.638              5114.08             -440.227 
             5104.14             -445.882              5108.39             -448.518 
             5098.25             -453.961              5103.07             -455.354 
             5101.45             -463.434               5106.3             -462.209 
             5109.56             -469.292              5113.75             -466.566 
             5118.75             -473.236              5122.27              -469.69 
             5128.28              -476.25              5131.36             -472.305 
              5137.9             -478.979              5140.54             -474.732 
             5147.58             -481.494              5149.81             -477.018 
              5157.3             -483.843              5159.15             -479.196 
             5167.05             -486.061              5168.55              -481.29 
             5176.83             -488.178                 5178             -483.318 
             5186.62             -490.216               5187.5             -485.294 
             5196.42             -492.191              5197.04             -487.229 
             5206.24             -494.118              5206.62             -489.131 
             5216.05             -496.026              5216.24             -490.898 
             5225.87             -497.934              5225.85             -492.772 
             5235.74             -499.521              5235.47             -494.528 
             5245.61             -501.162               5245.1             -496.187 
             5255.49             -502.702              5254.73              -497.76 
             5265.39              -504.13              5264.36             -499.236 
              5275.3             -505.422              5273.98               -500.6 
             5285.24             -506.558               5283.6             -501.834 
             5295.19               -507.5              5293.21             -502.911 
             5305.17             -508.215               5302.8             -503.794 
             5315.16             -508.582              5312.38             -504.414 
             5325.16             -508.466              5321.91             -504.671 
             5335.12             -507.539              5331.32             -504.286 
             5344.64              -504.47              5340.16             -502.244 
             5347.41             -494.863              5342.41             -494.486 
             5353.65             -487.047              5348.65             -486.883 
             5359.53             -478.957              5354.53              -478.82 
             5364.99             -470.579              5359.98             -470.449 
             5370.31             -462.112              5365.31             -462.001 
             5375.46             -453.541              5370.32             -453.346 
             5380.25             -444.766              5375.26             -444.658 
             5384.98             -435.954              5379.98             -435.841 
             5389.57             -427.068              5384.56             -426.949 
             5394.01             -418.112              5389.01             -417.984 
             5398.32             -409.089              5393.33              -408.95 
              5402.5             -400.002               5397.5             -399.851 
             5406.54             -390.854              5401.54             -390.691 
             5410.44             -381.647              5405.45             -381.471 
             5414.22             -372.386              5409.22             -372.197 
             5417.86             -363.073              5412.86              -362.87 
             5421.44             -353.737              5416.29             -353.462 
             5424.76             -344.303              5419.76             -344.076 
             5428.03             -334.854              5423.02              -334.61 
             5431.17             -325.358              5426.17             -325.109 
             5434.19             -315.826              5429.19             -315.567 
             5437.09             -306.257               5432.1             -305.991 
             5439.89             -296.655              5434.89             -296.381 
             5442.56             -287.019              5437.57              -286.74 
             5445.13             -277.355              5440.14             -277.071 
             5447.59             -267.662               5442.6             -267.375 
             5449.95             -257.944              5444.96             -257.655 
             5452.22             -248.204              5447.21              -247.91 
             5454.35             -238.434              5449.36             -238.145 
              5456.4             -228.646              5451.41             -228.359 
             5458.35             -218.837              5453.36             -218.553 
             5460.26             -209.021               5455.1              -208.71 
             5461.96             -199.167              5456.97             -198.892 
             5463.62             -189.307              5458.63             -189.038 
              5465.2             -179.433              5460.19             -179.168 
             5466.68             -169.542              5461.68             -169.288 
             5468.09             -159.641              5463.07             -159.395 
             5469.37             -149.725              5464.38              -149.49 
             5470.59             -139.799              5465.59             -139.576 
             5471.72             -129.863              5466.73             -129.652 
             5472.78              -119.92              5467.77             -119.719 
             5473.73             -109.965              5468.73             -109.779 
             5474.62             -100.004              5469.61             -99.8312 
             5475.41             -90.0356              5470.41             -89.8786 
             5476.13             -80.0614              5471.13             -79.9197 
             5476.77             -70.0818              5471.77              -69.956 
             5477.33             -60.0975              5472.33             -59.9879 
             5477.81             -50.1091              5472.81             -50.0165 
             5478.21             -40.1173              5473.21              -40.042 
             5478.54             -30.1227              5473.54             -30.0652 
              5478.8             -20.1259               5473.8             -20.0865 
             5478.99             -10.1277              5473.97             -10.1066 
             5479.16            -0.129239              5473.99            -0.125809 
             5479.11              9.87062              5474.11              9.85333 
             5479.07              19.8705              5474.07              19.8338 
             5478.95              29.8699              5473.95              29.8138 
             5478.76              39.8681              5473.76              39.7931 
              5478.5              49.8647               5473.5              49.7711 
             5478.17              59.8592              5473.15              59.7469 
             5478.31              55.5572              5473.31              55.4534 
             5477.93              65.5498              5472.93               65.428 
             5477.47              75.5393              5472.47              75.4001 
             5476.94              85.5249              5471.94              85.3687 
             5476.32              95.5061              5471.33              95.3334 
             5475.64              105.483              5470.63              105.293 
             5474.86              115.452              5469.86              115.248 
                5474              125.416              5469.01              125.197 
             5473.07              135.372              5468.07              135.139 
             5472.05               145.32              5467.06              145.074 
             5470.95              155.259              5465.95                  155 
             5469.76              165.188              5464.77              164.918 
             5468.49              175.107               5463.5              174.825 
             5467.13              185.014              5462.14              184.722 
             5465.68              194.909              5460.69              194.608 
             5464.14               204.79              5459.15              204.481 
             5462.58              214.667              5457.42              214.322 
              5460.8              224.506              5455.81              224.184 
             5458.98               234.34              5453.99              234.013 
             5457.07              244.156              5452.08              243.825 
             5455.06              253.952              5450.07              253.619 
             5452.96              263.728              5447.97              263.394 
             5450.75              273.481              5445.76              273.147 
             5448.44              283.211              5443.45              282.879 
             5446.04              292.918              5441.03              292.585 
              5443.5              302.592              5438.51              302.267 
             5440.88               312.24              5435.89              311.921 
             5438.14              321.858              5433.13              321.541 
             5435.28              331.442              5430.29              331.138 
             5432.31              340.991              5427.32              340.697 
                5480                   50              5475.02              49.9086 
             5479.88              59.9993              5474.88              59.8878 
             5479.47              69.9907              5474.47              69.8615 
             5478.97              79.9785              5473.98              79.8322 
              5478.4              89.9622              5473.41              89.7993 
             5477.75              99.9411              5472.76              99.7621 
             5477.03              109.915              5472.03               109.72 
             5476.22              119.882              5471.22              119.672 
             5475.33              129.842              5470.33              129.618 
             5474.36              139.795              5469.36              139.557 
              5473.3              149.739              5468.31              149.489 
                5480                   50              5475.02              49.9086 
             5479.88              59.9993              5474.88              59.8878 
             5479.47              69.9907              5474.47              69.8615 
             5478.97              79.9785              5473.98              79.8322 
              5478.4              89.9622              5473.41              89.7993 
             5477.75              99.9411              5472.76              99.7621 
             5477.03              109.915              5472.03               109.72 
             5476.22              119.882              5471.22              119.672 
             5475.33              129.842              5470.33              129.618 
             5474.36              139.795              5469.36              139.557 
              5473.3              149.739              5468.31              149.489 
             5472.16              159.674              5467.17              159.411 
             5470.94              169.599              5465.94              169.324 
             5469.63              179.512              5464.63              179.227 
             5468.23              189.414              5463.23               189.12 
             5466.74              199.303              5461.75                  199 
             5465.17               209.18              5460.02              208.841 
             5463.61              219.056              5458.45              218.711 
             5461.73              228.878              5456.74              228.555 
             5459.87              238.704              5454.88              238.377 
             5457.92              248.511              5452.93              248.181 
             5455.87              258.298              5450.88              257.967 
             5453.71              268.064              5448.72              267.732 
             5451.46              277.807              5446.47              277.476 
              5449.1              287.525              5444.12              287.197 
             5446.64              297.218              5441.65              296.893 
             5444.07              306.882              5439.08              306.562 
             5441.39              316.516               5436.4              316.203 
              5438.6              326.119              5433.61              325.813 
              5435.7              335.688               5430.7               335.39 
             5432.68               345.22              5427.68              344.933 
             5429.53              354.714              5424.54              354.439 
             5426.28              364.169              5421.13               363.85 
             5423.02              373.624              5417.87              373.317 
             5419.37              382.934              5414.38              382.699 
             5415.73              392.248              5410.74              392.028 
             5411.96              401.509              5406.96              401.304 
             5408.07              410.721              5403.06              410.525 
             5404.02              419.863                 5399              419.683 
             5399.84              428.948              5394.84              428.789 
             5395.52               437.97              5390.53              437.824 
             5391.07              446.924              5386.07              446.791 
             5386.48              455.807              5381.48              455.684 
             5381.75              464.618              5376.75              464.502 
              5376.9              473.364              5371.76              473.169 
             5371.87              482.008              5366.87              481.897 
             5366.54              490.465              5361.54              490.349 
             5361.06              498.835              5356.06              498.707 
             5352.25              503.552              5347.44              503.473 
             5342.34              502.178              5337.88              502.188 
             5332.44               500.81               5328.3              500.935 
             5332.43               500.81               5328.3              500.935 
             5322.54              499.392              5318.71              499.612 
             5312.66              497.827              5309.16              497.965 
             5302.89              495.692              5299.64              496.085 
              5293.1              493.658              5290.12               494.13 
             5283.31              491.605              5280.58              492.147 
             5273.53              489.543              5271.04              490.137 
             5263.75              487.435              5261.49              488.107 
             5253.98               485.32              5251.92              486.053 
             5244.21              483.187              5242.36              483.978 
             5234.44              481.036              5232.79              481.885 
             5224.68              478.869              5223.23              479.774 
             5214.92              476.683              5213.68              477.652 
             5205.17              474.481              5204.17              475.521 
             5195.41              472.264               5194.7              473.383 
             5185.67              470.032              5185.28              471.226 
             5175.92              467.799              5175.89              469.096 
             5166.18              465.521              5166.54              466.946 
             5156.45              463.244              5157.25              464.796 
             5146.71              460.954                 5148              462.645 
             5136.98              458.649               5138.8              460.495 
             5127.25              456.333              5129.88              458.419 
             5117.53              454.004              5121.22               456.42 
             5117.35              444.005              5121.84              446.523 
             5121.97              435.135              5126.33              437.577 
             5121.97              445.135              5125.73              447.491 
              5117.2              453.926              5120.94              456.355 
             5117.55              443.932              5121.87              446.451 
             5122.04              434.995               5126.4              437.435 
             5122.04              444.995               5125.8              447.349 
             5117.88              454.088              5121.53              456.492 
             5121.97              435.136              5126.33              437.578 
             5126.31              426.126              5130.72              428.486 
              5130.5              417.048              5134.95              419.324 
             5134.55              407.905              5139.06              410.102 
             5138.47              398.706              5143.01               400.81 
             5142.26              389.451              5146.84              391.468 
             5145.92              380.145              5150.53              382.077 
             5149.46              370.791               5154.1              372.638 
             5152.71              361.336              5157.56              363.158 
             5156.17              351.952              5160.88              353.634 
             5159.35              342.472              5164.09              344.074 
             5162.42              332.955              5167.18              334.478 
             5165.38              323.402              5170.16               324.85 
             5168.23              313.816              5173.03              315.191 
             5170.97              304.198              5175.81              305.507 
              5173.6              294.552              5178.44              295.787 
             5176.13              284.877              5180.99              286.046 
             5178.55              275.175              5183.43              276.281 
             5180.88              265.449              5185.77              266.493 
              5183.1              255.699                 5188              256.684 
             5185.22              245.926              5190.13              246.856 
             5187.24              236.133              5192.17              237.009 
             5189.17              226.321               5194.1              227.143 
                5191              216.489              5195.94               217.26 
             5192.56              206.612              5197.68              207.363 
             5194.37              196.778              5199.33              197.452 
             5195.92              186.898               5200.9              187.528 
             5197.38              177.005              5202.34              177.588 
             5198.74              167.098              5203.71              167.638 
             5200.02               157.18              5204.99              157.678 
              5201.2              147.251              5206.18              147.709 
              5202.3              137.311              5207.29               137.73 
             5203.31              127.362               5208.3              127.744 
             5204.24              117.405              5209.23               117.75 
             5205.08              107.441              5210.07               107.75 
             5205.84              97.4693              5210.83              97.7445 
             5206.51               87.492               5211.5              87.7338 
              5207.1              77.5095               5212.1              77.7188 
             5207.61              67.5223              5212.62              67.7008 
             5208.04              57.5316              5213.04              57.6785 
             5208.37              47.5371              5213.39              47.6545 
             5208.65              37.5411              5213.65              37.6287 
             5208.84              27.5429              5213.85              27.6019 
             5208.96              17.5436              5213.96              17.5745 
             5208.99              7.54365              5213.99              7.54688 
             5208.82             -2.45483              5213.99             -2.48108 
             5208.83             -12.4548              5213.83             -12.5081 
             5208.64             -22.4529              5213.63             -22.5354 
             5208.36             -32.4491              5213.36             -32.5615 
             5207.99             -42.4424              5213.01              -42.586 
             5207.57             -52.4333              5212.56             -52.6077 
             5207.05             -62.4199              5212.05             -62.6266 
             5206.45             -72.4019              5211.44             -72.6417 
             5205.77             -82.3786              5210.76             -82.6525 
                5205             -92.3492              5209.99             -92.6582 
             5204.15             -102.313              5209.14             -102.658 
             5203.21             -112.269               5208.2             -112.651 
             5202.19             -122.216              5207.17             -122.637 
             5201.08             -132.155              5206.06             -132.615 
             5199.88             -142.083              5204.86             -142.584 
             5198.59             -151.999              5203.56             -152.543 
             5197.21             -161.904              5202.18             -162.491 
             5195.74             -171.795               5200.7             -172.428 
             5194.18             -181.672              5199.14             -182.352 
             5192.53             -191.534              5197.47             -192.263 
             5190.62              -201.35              5195.73             -202.161 
             5188.93             -211.207              5193.86             -212.038 
             5186.98             -221.016              5191.91             -221.902 
             5184.94             -230.806              5189.85             -231.747 
              5182.8             -240.574               5187.7             -241.573 
             5180.56             -250.319              5185.45             -251.379 
             5178.22             -260.041              5183.09             -261.163 
             5175.77             -269.737              5180.63             -270.924 
             5173.22             -279.406              5178.06             -280.661 
             5170.56             -289.047              5175.39             -290.371 
             5167.79             -298.655              5172.61             -300.054 
             5164.93             -308.235              5169.71             -309.704 
             5161.94              -317.78               5166.7             -319.324 
             5158.83             -327.285              5163.58             -328.911 
             5155.63             -336.757              5160.33             -338.458 
              5152.3             -346.186              5156.97             -347.968 
             5148.72             -355.522              5153.51             -357.445 
             5145.13             -364.858               5149.9             -366.864 
             5141.55             -374.194              5146.26              -376.28 
             5137.74              -383.44              5142.27             -385.553 
             5133.78             -392.621              5138.27             -394.816 
             5129.67              -401.74              5134.13             -404.017 
             5125.43             -410.794              5129.84              -413.15 
             5121.03             -419.775              5125.41             -422.214 
             5116.47             -428.677              5120.82             -431.189 
             5111.65             -437.438              5115.93             -440.023 
                5106             -445.686              5110.25             -448.317 
             5100.13             -453.783              5104.93             -455.164 
             5103.32             -463.261              5108.16             -462.038 
             5111.42             -469.125              5115.61             -466.402 
             5120.61             -473.069              5124.14             -469.527 
             5130.14             -476.082              5133.22             -472.142 
             5139.76             -478.811              5142.41             -474.567 
             5149.44             -481.324              5151.68             -476.851 
             5159.16              -483.67              5161.01             -479.025 
             5168.91             -485.887              5170.41             -481.115 
             5178.69             -487.999              5179.86             -483.139 
             5188.48             -490.031              5189.36              -485.11 
             5198.28             -492.002              5198.91             -487.041 
              5208.1             -493.927              5208.49             -488.929 
             5217.91             -495.835              5218.11             -490.705 
             5227.73             -497.743              5227.72             -492.577 
              5237.6             -499.325              5237.34             -494.315 
             5247.47             -500.946              5246.97             -495.971 
             5257.35             -502.481               5256.6             -497.538 
             5267.25             -503.901              5266.22             -499.007 
             5277.17             -505.188              5275.85             -500.365 
              5287.1             -506.315              5285.47             -501.591 
             5297.06             -507.251              5295.08             -502.661 
             5307.04             -507.941              5304.67             -503.535 
             5317.03             -508.308              5314.24              -504.14 
             5327.03             -508.186              5323.77             -504.389 
             5336.98             -507.248              5333.19             -503.992 
              5346.5             -504.182              5342.03             -501.946 
             5349.33              -494.59              5344.34             -494.208 
             5355.54             -486.753              5350.54             -486.583 
             5361.39             -478.645               5356.4             -478.504 
             5366.85             -470.268              5361.84             -470.134 
             5372.17             -461.797              5367.16             -461.673 
             5377.32             -453.225              5372.18             -453.029 
             5382.12             -444.455              5377.12             -444.345 
             5386.84             -435.638              5381.84             -435.526 
             5391.42              -426.75              5386.43             -426.631 
             5395.87             -417.792              5390.87             -417.664 
             5400.18             -408.767              5395.18             -408.629 
             5404.35             -399.678              5399.35             -399.529 
             5408.38              -390.53              5403.39             -390.367 
             5412.28             -381.322              5407.29             -381.147 
             5416.05             -372.061              5411.06             -371.873 
             5419.69             -362.747               5414.7             -362.546 
             5423.28             -353.411              5418.12             -353.138 
             5426.59             -343.975              5421.59              -343.75 
             5429.86             -334.526              5424.85             -334.284 
             5432.99             -325.028              5427.99             -324.781 
             5436.01             -315.495              5431.01             -315.239 
             5438.91             -305.925              5433.92             -305.661 
              5441.7             -296.322              5436.71             -296.051 
             5444.38             -286.687              5439.38              -286.41 
             5446.94             -277.021              5441.95              -276.74 
              5449.4             -267.328              5444.41             -267.044 
             5451.75             -257.609              5446.76             -257.322 
                5454             -247.865              5449.01             -247.577 
             5456.15             -238.098              5451.15             -237.811 
             5458.19             -228.309               5453.2             -228.024 
             5460.14             -218.501              5455.15             -218.218 
             5462.05             -208.684              5456.89             -208.375 
             5463.74              -198.83              5458.75             -198.556 
             5465.41             -188.969              5460.41             -188.701 
             5466.99             -179.094              5461.98             -178.832 
             5468.45             -169.203              5463.46             -168.951 
             5469.84               -159.3              5464.85             -159.057 
             5471.14             -149.385              5466.15             -149.152 
             5472.36             -139.459              5467.36             -139.237 
             5473.49             -129.522              5468.49             -129.313 
             5474.53             -119.577              5469.54              -119.38 
             5475.49             -109.623               5470.5             -109.439 
             5476.38             -99.6629              5471.37             -99.4912 
             5477.17             -89.6939              5472.17             -89.5381 
             5477.88             -79.7195              5472.87             -79.5778 
             5478.52             -69.7397              5473.52              -69.615 
             5479.08             -59.7552              5474.08             -59.6468 
             5479.55             -49.7667              5474.56             -49.6751 
             5479.96             -39.7749              5474.96             -39.7004 
             5480.28             -29.7802              5475.28             -29.7235 
             5480.53             -19.7833              5475.53             -19.7447 
             5480.73             -9.78514              5475.71             -9.76475 
              5480.9             0.213338              5475.73             0.216093 
             5480.84              10.2132              5475.84              10.1952 
             5480.79              20.2131              5475.79              20.1758 
             5480.68              30.2124              5475.68              30.1558 
             5480.49              40.2105              5475.48              40.1352 
             5480.22               50.207              5475.22              50.1131 
             5479.89              60.2015              5474.87               60.089 
             5479.46              70.1923              5474.46              70.0628 
             5478.96              80.1801              5473.97              80.0334 
             5478.39              90.1637              5473.39              90.0004 
             5477.74              100.142              5472.74              99.9631 
             5477.01              110.116              5472.01              109.921 
              5476.2              120.083               5471.2              119.873 
             5475.31              130.043              5470.31              129.819 
             5474.34              139.996              5469.34              139.758 
             5473.28               149.94              5468.28              149.689 
             5472.14              159.874              5467.14              159.611 
             5470.91              169.799              5465.92              169.524 
